brain: lmnogradient(I0t,subj1mea,[1 0 0 0 1 0 1 0 ]')

mtrue =

  Columns 1 through 7 

    0.9962    0.0872    2.2272   -0.0872    0.9962    0.2999    1.0000

  Column 8 

         0

type==2 allowskew==1
---------------------
errr =

  6.5572e-009


ans =

  1.0e-007 *

    0.0656    0.2118


landa =

  1.0000e-015


ans =

landa decreased


m =

    0.9962
    0.0872
    2.2271
   -0.0872
    0.9962
    0.3000
    1.0000
   -0.0000


iteration =

    11


m =

    0.9962
    0.0872
    2.2271
   -0.0872
    0.9962
    0.3000
    1.0000
   -0.0000


ans =

    0.9962
    0.0872
    2.2271
   -0.0872
    0.9962
    0.3000
    1.0000
   -0.0000





type==2 allowskew==0
---------------------


errr =

  4.4430e-009


ans =

  1.0e-007 *

    0.0444    0.4224


landa =

  1.0000e-015


ans =

landa decreased


m =

    0.9962
    0.0872
    2.2272
   -0.0872
    0.9962
    0.2999
    1.0000
   -0.0000


iteration =

    11


m =

    0.9962
    0.0872
    2.2272
   -0.0872
    0.9962
    0.2999
    1.0000
   -0.0000


ans =

    0.9962
    0.0872
    2.2272
   -0.0872
    0.9962
    0.2999
    1.0000
   -0.0000


type==1 allowskew==0
-----------------------
errr =

  1.0752e-004


ans =

  1.0e-003 *

    0.1075    0.0785


landa =

    1.0000


ans =

landa increased


iteration =

    30


m =

    0.9977
    0.0868
    2.2082
   -0.0868
    0.9972
    0.2838
    1.0007
   -0.0256


ans =

    0.9977
    0.0868
    2.2082
   -0.0868
    0.9972
    0.2838
    1.0007
   -0.0256

>> 

type==1 allowskew==1
---------------------------------
rrr =

  4.4000e-004


ans =

  1.0e-003 *

    0.4400    0.8162


landa =

    1.0000


ans =

landa decreased


m =

    0.9960
    0.0909
    2.1878
   -0.0854
    0.9956
    0.2897
    1.0008
   -0.0175


iteration =

    30


m =

    0.9960
    0.0909
    2.1878
   -0.0854
    0.9956
    0.2897
    1.0008
   -0.0175


ans =

    0.9960
    0.0909
    2.1878
   -0.0854
    0.9956
    0.2897
    1.0008
   -0.0175

>> 

type==0 allowskew==1
-------------------------
errr =

  9.0025e-004


ans =

  1.0e-003 *

    0.9003    0.9437


landa =

    0.0100


ans =

landa decreased


m =

    0.9940
    0.0939
    2.2037
   -0.0891
    0.9967
    0.3101
    0.9992
    0.0679


iteration =

    30


m =

    0.9940
    0.0939
    2.2037
   -0.0891
    0.9967
    0.3101
    0.9992
    0.0679


ans =

    0.9940
    0.0939
    2.2037
   -0.0891
    0.9967
    0.3101
    0.9992
    0.0679

>> 

type==0 allowskew==0
------------------------
errr =

  7.3846e-004


ans =

    0.0007    0.0016


landa =

    1.0000


ans =

landa decreased


m =

    0.9976
    0.0834
    2.2485
   -0.0836
    0.9998
    0.2083
    0.9997
    0.0194


iteration =

    30


m =

    0.9976
    0.0834
    2.2485
   -0.0836
    0.9998
    0.2083
    0.9997
    0.0194


ans =

    0.9976
    0.0834
    2.2485
   -0.0836
    0.9998
    0.2083
    0.9997
    0.0194

>> 

